 obs_sequence
obs_type_definitions
           1
           4 ADSB_HEIGHT                    
  num_copies:            1  num_qc:            1
  num_obs:            2  max_num_obs:            2
ADS-B refraction observation                                    
Data QC                                                         
  first:            1  last:            2
 OBS            1
   12000.000000000000     
   0.0000000000000000     
          -1           2          -1
obdef
loc3d
     4.572762640225143        0.9773843811168246         12000.00000000000      3
kind
           4
adsb       1
 -0.46788342013879680       0.78194269054324794       0.41188679739123502        250.00000000000000        54.398400000000002        575.00000000000000        6383571.0000000000        100.00000000000000        4.7100000000000003E-002
     0     150259
   1.0000000000000002E-002
 OBS            2
   12000.000000000000     
   0.0000000000000000     
           1          -1          -1
obdef
loc3d
     4.572762640225143        0.9773843811168246         12000.00000000000      3
kind
           4
adsb       2
 -0.46788342013879680       0.78194269054324794       0.41188679739123502        250.00000000000000        54.398400000000002        575.00000000000000        6383571.0000000000        100.00000000000000        4.7100000000000003E-002
     1     150259
   1.0000000000000002E-002
